{
 "cells": [
  {
   "cell_type": "markdown",
   "metadata": {},
   "source": [
    "# Introduction to the Uber Dataset"
   ]
  },
  {
   "cell_type": "code",
   "execution_count": 1,
   "metadata": {
    "scrolled": true
   },
   "outputs": [
    {
     "name": "stdout",
     "output_type": "stream",
     "text": [
      "          Date/Time      Lat      Lon    Base\n",
      "0  7/1/2014 0:03:00  40.7586 -73.9706  B02512\n",
      "1  7/1/2014 0:05:00  40.7605 -73.9994  B02512\n",
      "2  7/1/2014 0:06:00  40.7320 -73.9999  B02512\n",
      "3  7/1/2014 0:09:00  40.7635 -73.9793  B02512\n",
      "4  7/1/2014 0:20:00  40.7204 -74.0047  B02512\n",
      "5  7/1/2014 0:35:00  40.7487 -73.9869  B02512\n",
      "6  7/1/2014 0:57:00  40.7444 -73.9961  B02512\n",
      "7  7/1/2014 0:58:00  40.7132 -73.9492  B02512\n",
      "8  7/1/2014 1:04:00  40.7590 -73.9730  B02512\n",
      "9  7/1/2014 1:08:00  40.7601 -73.9823  B02512\n"
     ]
    }
   ],
   "source": [
    "import pandas as pd\n",
    "#Read in the dataset of july uber pickups\n",
    "uber_data = pd.read_csv(\"Data/uber-pickups-in-new-york-city/uber-raw-data-jul14.csv\")\n",
    "print(uber_data.head(10))"
   ]
  },
  {
   "cell_type": "code",
   "execution_count": null,
   "metadata": {},
   "outputs": [],
   "source": [
    "#Convert the type of the column to datetime\n",
    "uber_data[\"Date/Time\"] = pd.to_datetime(uber_data[\"Date/Time\"])"
   ]
  },
  {
   "cell_type": "code",
   "execution_count": null,
   "metadata": {},
   "outputs": [],
   "source": [
    "#Using a floor can round off the date-time into discrete increments\n",
    "print(uber_data[\"Date/Time\"].dt.floor('1H').head(10))"
   ]
  },
  {
   "cell_type": "code",
   "execution_count": null,
   "metadata": {},
   "outputs": [],
   "source": [
    "#Let's get value counts to see the number of trips at given times\n",
    "print(uber_data[\"Date/Time\"].dt.floor('1H').value_counts().head(10))"
   ]
  },
  {
   "cell_type": "code",
   "execution_count": null,
   "metadata": {},
   "outputs": [],
   "source": [
    "#And sort the data so it is chronological\n",
    "hourly_data = uber_data[\"Date/Time\"].dt.floor('1H').value_counts()\n",
    "hourly_data = hourly_data.sort_index()\n",
    "print(hourly_data.head(10))"
   ]
  },
  {
   "cell_type": "code",
   "execution_count": null,
   "metadata": {},
   "outputs": [],
   "source": [
    "import matplotlib.pyplot as plt\n",
    "#Plotting the data shows some trend components\n",
    "hourly_data.plot(kind=\"line\")\n",
    "plt.show()"
   ]
  },
  {
   "cell_type": "code",
   "execution_count": 7,
   "metadata": {},
   "outputs": [
    {
     "name": "stdout",
     "output_type": "stream",
     "text": [
      "   Week Day  Hour        Date\n",
      "0         1     0  2014-07-01\n",
      "1         1     0  2014-07-01\n",
      "2         1     0  2014-07-01\n",
      "3         1     0  2014-07-01\n",
      "4         1     0  2014-07-01\n",
      "5         1     0  2014-07-01\n",
      "6         1     0  2014-07-01\n",
      "7         1     0  2014-07-01\n",
      "8         1     1  2014-07-01\n",
      "9         1     1  2014-07-01\n"
     ]
    }
   ],
   "source": [
    "#We are going to see the average number of trips for each hour/week day combination\n",
    "#First split the date into the week day, hour and the actual date\n",
    "hours = uber_data[\"Date/Time\"].dt.hour\n",
    "week_day = uber_data[\"Date/Time\"].dt.weekday\n",
    "date = uber_data[\"Date/Time\"].dt.date\n",
    "weekly_data = pd.concat([week_day, hours, date], axis=1)\n",
    "weekly_data.columns = [\"Week Day\", \"Hour\", \"Date\"]\n",
    "\n",
    "print(weekly_data.head(10))"
   ]
  },
  {
   "cell_type": "code",
   "execution_count": 8,
   "metadata": {},
   "outputs": [
    {
     "name": "stdout",
     "output_type": "stream",
     "text": [
      "Monday\n"
     ]
    }
   ],
   "source": [
    "import calendar\n",
    "#The calendar library can map the integer versions of calendar weekdays to the actual name\n",
    "#0 -> Monday, 1 -> Tuesday, etc.\n",
    "print(calendar.day_name[0])"
   ]
  },
  {
   "cell_type": "code",
   "execution_count": 9,
   "metadata": {},
   "outputs": [
    {
     "name": "stdout",
     "output_type": "stream",
     "text": [
      "0    Tuesday\n",
      "1    Tuesday\n",
      "2    Tuesday\n",
      "3    Tuesday\n",
      "4    Tuesday\n",
      "5    Tuesday\n",
      "6    Tuesday\n",
      "7    Tuesday\n",
      "8    Tuesday\n",
      "9    Tuesday\n",
      "Name: Week Day, dtype: object\n"
     ]
    }
   ],
   "source": [
    "#Map the name\n",
    "weekly_data[\"Week Day\"] = weekly_data[\"Week Day\"].apply(lambda x: calendar.day_name[x])\n",
    "print(weekly_data[\"Week Day\"].head(10))"
   ]
  },
  {
   "cell_type": "code",
   "execution_count": 10,
   "metadata": {},
   "outputs": [
    {
     "name": "stdout",
     "output_type": "stream",
     "text": [
      "Date        Week Day  Hour\n",
      "2014-07-01  Tuesday   0        216\n",
      "                      1        111\n",
      "                      2         82\n",
      "                      3        134\n",
      "                      4        223\n",
      "                      5        348\n",
      "                      6        715\n",
      "                      7       1196\n",
      "                      8       1076\n",
      "                      9        885\n",
      "dtype: int64\n"
     ]
    }
   ],
   "source": [
    "#By grouping by the date, week day, and hour we can aggregate the size (# of entries) on each date\n",
    "weekly_data = weekly_data.groupby([\"Date\",\"Week Day\", \"Hour\"]).size()\n",
    "print(weekly_data.head(10))"
   ]
  },
  {
   "cell_type": "code",
   "execution_count": 11,
   "metadata": {},
   "outputs": [
    {
     "name": "stdout",
     "output_type": "stream",
     "text": [
      "         Date Week Day  Hour     0\n",
      "0  2014-07-01  Tuesday     0   216\n",
      "1  2014-07-01  Tuesday     1   111\n",
      "2  2014-07-01  Tuesday     2    82\n",
      "3  2014-07-01  Tuesday     3   134\n",
      "4  2014-07-01  Tuesday     4   223\n",
      "5  2014-07-01  Tuesday     5   348\n",
      "6  2014-07-01  Tuesday     6   715\n",
      "7  2014-07-01  Tuesday     7  1196\n",
      "8  2014-07-01  Tuesday     8  1076\n",
      "9  2014-07-01  Tuesday     9   885\n"
     ]
    }
   ],
   "source": [
    "#Reset the index\n",
    "weekly_data = weekly_data.reset_index()\n",
    "print(weekly_data.head(10))"
   ]
  },
  {
   "cell_type": "code",
   "execution_count": 12,
   "metadata": {},
   "outputs": [
    {
     "name": "stdout",
     "output_type": "stream",
     "text": [
      "         Date Week Day  Hour  Size\n",
      "0  2014-07-01  Tuesday     0   216\n",
      "1  2014-07-01  Tuesday     1   111\n",
      "2  2014-07-01  Tuesday     2    82\n",
      "3  2014-07-01  Tuesday     3   134\n",
      "4  2014-07-01  Tuesday     4   223\n",
      "5  2014-07-01  Tuesday     5   348\n",
      "6  2014-07-01  Tuesday     6   715\n",
      "7  2014-07-01  Tuesday     7  1196\n",
      "8  2014-07-01  Tuesday     8  1076\n",
      "9  2014-07-01  Tuesday     9   885\n"
     ]
    }
   ],
   "source": [
    "#Rename 0, the default column name to be size\n",
    "weekly_data = weekly_data.rename(columns={0: \"Size\"})\n",
    "print(weekly_data.head(10))"
   ]
  },
  {
   "cell_type": "code",
   "execution_count": 13,
   "metadata": {},
   "outputs": [
    {
     "name": "stdout",
     "output_type": "stream",
     "text": [
      "Week Day  Hour\n",
      "Friday    0        615.00\n",
      "          1        385.25\n",
      "          2        264.75\n",
      "          3        307.50\n",
      "          4        339.75\n",
      "          5        497.25\n",
      "          6        736.75\n",
      "          7       1008.00\n",
      "          8       1038.00\n",
      "          9        907.75\n",
      "Name: Size, dtype: float64\n"
     ]
    }
   ],
   "source": [
    "#Now we can group by the week day and average to get the mean for each week day/hour\n",
    "weekly_data = weekly_data.groupby([\"Week Day\", \"Hour\"]).mean()[\"Size\"]\n",
    "print(weekly_data.head(10))"
   ]
  },
  {
   "cell_type": "code",
   "execution_count": 14,
   "metadata": {},
   "outputs": [
    {
     "name": "stdout",
     "output_type": "stream",
     "text": [
      "Week Day   Friday   Monday  Saturday   Sunday  Thursday  Tuesday  Wednesday\n",
      "Hour                                                                       \n",
      "0          615.00   315.00   1110.25  1090.00     430.0    301.8      354.6\n",
      "1          385.25   153.25    788.25   829.50     231.4    155.8      193.2\n",
      "2          264.75   109.75    580.00   638.25     171.0    111.2      156.0\n",
      "3          307.50   254.75    426.00   477.00     256.6    187.0      224.0\n",
      "4          339.75   403.75    271.75   245.50     376.8    296.6      326.0\n",
      "5          497.25   615.25    274.25   231.25     586.2    546.0      559.8\n",
      "6          736.75   911.00    303.50   256.75     959.2    962.2     1003.4\n",
      "7         1008.00  1266.50    398.50   316.25    1341.8   1350.0     1425.8\n",
      "8         1038.00  1199.25    525.25   466.75    1336.6   1332.4     1425.0\n",
      "9          907.75   923.00    667.00   657.50    1077.0   1012.2     1083.8\n",
      "10         875.75   855.75    823.25   801.25    1014.2    977.4     1035.2\n",
      "11         918.50   873.00    886.25   958.75    1074.0    987.8     1053.0\n",
      "12         948.00   878.00    924.25   952.50    1102.0   1030.8     1085.0\n",
      "13        1154.75   979.50    956.50  1125.25    1255.0   1316.6     1222.0\n",
      "14        1364.25  1151.00   1122.75  1145.50    1488.6   1510.2     1445.8\n",
      "15        1507.75  1264.25   1269.75  1140.50    1730.8   1590.2     1743.8\n",
      "16        1610.00  1570.75   1370.50  1216.75    1938.2   1843.8     2084.2\n",
      "17        1664.25  1832.00   1370.75  1231.50    2097.0   2342.4     2333.8\n",
      "18        1670.50  1637.75   1459.50  1065.75    2240.6   2198.4     2347.8\n",
      "19        1486.75  1594.50   1228.25   925.00    2169.6   1996.6     2112.6\n",
      "20        1424.75  1575.75   1349.00  1003.00    2035.4   1956.2     2098.2\n",
      "21        1663.50  1410.00   1475.25   935.00    1909.0   1659.4     1950.2\n",
      "22        1775.75   957.00   1584.25   822.75    1715.6   1161.2     1455.0\n",
      "23        1519.25   566.50   1400.00   549.50    1151.2    664.6      825.2\n"
     ]
    }
   ],
   "source": [
    "#Unstack takes a level of the index and translates it to be a column\n",
    "#We pick level=0 because we want the week day name to be the column\n",
    "weekly_data = weekly_data.unstack(level=0)\n",
    "print(weekly_data)"
   ]
  },
  {
   "cell_type": "code",
   "execution_count": 15,
   "metadata": {},
   "outputs": [
    {
     "name": "stdout",
     "output_type": "stream",
     "text": [
      "Week Day   Monday  Tuesday  Wednesday  Thursday   Friday  Saturday   Sunday\n",
      "Hour                                                                       \n",
      "0          315.00    301.8      354.6     430.0   615.00   1110.25  1090.00\n",
      "1          153.25    155.8      193.2     231.4   385.25    788.25   829.50\n",
      "2          109.75    111.2      156.0     171.0   264.75    580.00   638.25\n",
      "3          254.75    187.0      224.0     256.6   307.50    426.00   477.00\n",
      "4          403.75    296.6      326.0     376.8   339.75    271.75   245.50\n",
      "5          615.25    546.0      559.8     586.2   497.25    274.25   231.25\n",
      "6          911.00    962.2     1003.4     959.2   736.75    303.50   256.75\n",
      "7         1266.50   1350.0     1425.8    1341.8  1008.00    398.50   316.25\n",
      "8         1199.25   1332.4     1425.0    1336.6  1038.00    525.25   466.75\n",
      "9          923.00   1012.2     1083.8    1077.0   907.75    667.00   657.50\n",
      "10         855.75    977.4     1035.2    1014.2   875.75    823.25   801.25\n",
      "11         873.00    987.8     1053.0    1074.0   918.50    886.25   958.75\n",
      "12         878.00   1030.8     1085.0    1102.0   948.00    924.25   952.50\n",
      "13         979.50   1316.6     1222.0    1255.0  1154.75    956.50  1125.25\n",
      "14        1151.00   1510.2     1445.8    1488.6  1364.25   1122.75  1145.50\n",
      "15        1264.25   1590.2     1743.8    1730.8  1507.75   1269.75  1140.50\n",
      "16        1570.75   1843.8     2084.2    1938.2  1610.00   1370.50  1216.75\n",
      "17        1832.00   2342.4     2333.8    2097.0  1664.25   1370.75  1231.50\n",
      "18        1637.75   2198.4     2347.8    2240.6  1670.50   1459.50  1065.75\n",
      "19        1594.50   1996.6     2112.6    2169.6  1486.75   1228.25   925.00\n",
      "20        1575.75   1956.2     2098.2    2035.4  1424.75   1349.00  1003.00\n",
      "21        1410.00   1659.4     1950.2    1909.0  1663.50   1475.25   935.00\n",
      "22         957.00   1161.2     1455.0    1715.6  1775.75   1584.25   822.75\n",
      "23         566.50    664.6      825.2    1151.2  1519.25   1400.00   549.50\n"
     ]
    }
   ],
   "source": [
    "#Reindex allows you to re-arrange the columns however you would like\n",
    "weekly_data = weekly_data.reindex(columns=[\"Monday\", \"Tuesday\", \"Wednesday\", \"Thursday\", \"Friday\", \"Saturday\", \"Sunday\"])\n",
    "print(weekly_data)"
   ]
  },
  {
   "cell_type": "code",
   "execution_count": 16,
   "metadata": {},
   "outputs": [
    {
     "data": {
      "image/png": "iVBORw0KGgoAAAANSUhEUgAAAXUAAAE6CAYAAADp88JxAAAABHNCSVQICAgIfAhkiAAAAAlwSFlz\nAAALEgAACxIB0t1+/AAAADl0RVh0U29mdHdhcmUAbWF0cGxvdGxpYiB2ZXJzaW9uIDIuMi4yLCBo\ndHRwOi8vbWF0cGxvdGxpYi5vcmcvhp/UCwAAIABJREFUeJzt3XmcZFV5//HPd1YGhn0AWQVkEHED\nHBEkKgiKBgQiImgQBCKJP8QlRsCYhJCIQozibkRWURlZDKIiiMqiyDLIjiCMrMMwEASGAQeG7n5+\nf9xTUDTV3dXL7XP6zvfN676ou1Tdp6e7njp17rnnUURgZmbNMCl3AGZmNnac1M3MGsRJ3cysQZzU\nzcwaxEndzKxBnNTNzBrESd3MrEGc1M3MGsRJ3cysQabkDmAgL5u1TZG3uvZFb+4QOlpxygq5Q+ho\npcllxgWwydTVc4fQ0YFPl/lv1ivlDmFA71p05qiDe/aRu7rOOVNnbVrsP0axSd3MbFz1ldlgG67a\nkrqkLYA9gfWBABYC50fEbXWd08xsxKIvdwRjopY+dUlHAnMBAdcA89LjMyUdVcc5zcxGpa+v+6Vg\ndbXUDwFeGRHPtm+U9CXgVuC4Tk+SdChwKMCslTZklRVm1RSemdkLhVvqg+oD1uuwfd20r6OIODEi\n5kTEHCd0MxtXvT3dLwWrq6X+ceBXku4E7k/bNgI2Az5S0znNzEbOF0oHFhEXStoc2JbqQqmABcC8\niELHBJrZ8q0h3S+1jX6JqoPqqpE+/4EnHxnDaMaOCh2rO21yuaNTS43tmRnPDn1QBpfNeGnuEDqa\nEeXeq/iusXiRwi+AdqvMd5s1RqkJ3ay/plwo9TvOzAzcUjcza5TeMrvjhstJ3cwMfKHUzKxR3P1i\nZtYgbqmbmTWIW+pmZs0Rfb5QWquehtyyu7xb1tvDZJV508ojkxbnDqGjO6Y9mTuEjlbS1Nwh1Mst\ndbOhlZrQzV7EfepmZg3SkN4BJ3UzM2hMS72278aStpC0s6SZ/ba/o65zmpmNWEMqH9VVzu6jwI+B\nw4FbJO3ZtvtzdZzTzGxUXCRjUB8CXhcRT0raGDhH0sYR8RWqudU7ai9np8mrMmnSSjWFZ2bWT+Et\n8G7VldQnR8STABFxj6QdqRL7SxkkqUfEicCJAFOmrR81xWZm9iJNqd9TV5/6IklbtVZSgt8dmAW8\nuqZzmpmNXEP61OtqqR8AvKDjKSJ6gAMkfbumc5qZjVxDRr/UVaN0wSD7rujmNdZacdWxC2gMPfXs\n07lD6Gj6lDLv9puiyblDGND0ydNyh9DRAz1P5A6hoxUnlfk3NmYKb4F3y+PUzcyg+FEt3XJSNzOD\nxnS/eGIOMzMYswulkjaUdImk2yTdKuljafsaki6WdGf6/+ppuyR9VdJ8STdJ2qbttQ5Mx98p6cBu\nfgwndTMzGMvRLz3AJyPiFcB2wGGStgSOAn4VEbOBX6V1gHcCs9NyKPAtqD4EgKOBNwDbAke3PggG\n46RuZgZV90u3y2AvE/FgRFyXHi8BbgPWB/YETk+HnQ7slR7vCXw3KlcBq0laF9gVuDgiHo2Ix4CL\ngSGnWXGfupkZ1HKhNN1RvzVwNbBORDwIVeKXtHY6bH3g/ranLUjbBto+KLfUzcxgWN0vkg6VdG3b\ncmj/l0uTGZ4LfDwiBhun2uku+xhk+6DcUjczg2GNfmmf0qQTSVOpEvr3I+JHafNDktZNrfR1gYfT\n9gXAhm1P3wBYmLbv2G/7pUPFVmxSX3fGGrlD6OixyUtyh9DRlEll/ipnFHqDD8CyvjLHJS98+s+5\nQ+io8SUmx+jmI0kCTgZui4gvte06HzgQOC79/8dt2z8iaS7VRdHFKfFfBHyu7eLo24FPD3X+MjOB\nmdl4G7s7SncAPgDcLOmGtO2fqZL5WZIOAe4D9kn7LgD+GpgP/AU4CCAiHpX0n8C8dNx/RMSjQ53c\nSd3MDCDGZmLYiPgtA89Gu3OH4wM4bIDXOgU4ZTjnH7cLpZK+O17nMjMbtp6e7peC1dJSl3R+/03A\nTpJWA4iIPeo4r5nZiDVkmoC6ul82AP4AnMTzQ3PmAF8c7EntlY82XOVlzFrxJTWFZ2bWT0Nmaayr\n+2UO8HvgM1RXci8FlkbEZRFx2UBPiogTI2JORMxxQjezcRXR/VKwuuZT7wNOkHR2+v9DdZ3LzGxM\nNKSlXmuiTcUy9pG0G1DmzP9mZuCkPhwR8TPgZ8N5zuxps2qKZnSWTF0ldwgdTS50xoepKjMugMW9\nZVax+mPP0twhdNTbkAuJA4neZtxc5S4RMzNwS93MrFEa8k3ESd3MDKCv7FEt3XJSNzMDd7+YmTWK\nL5SamTWIW+pmZg3iPnUzswbx6Jd6bRczc4fQ0YqF/t5nFNrIWDrQrNIFuHXKjNwhdHT3pP/LHUJH\nvQ3pnhiQW+pmZs0RDfnQclI3M4PGjH6pZWIOSW+QtEp6PEPSMZJ+Iul4SavWcU4zs1Hpi+6XgtU1\n29IpVAVUAb4CrAocn7adWtM5zcxGrq+v+6VgdXW/TIqIViG/ORGxTXr827bq2i/SXvlon9W3ZfuZ\ns2sKz8ysn8Jb4N2qq6V+i6SD0uMbJc0BkLQ58OxAT2qvfOSEbmbjKvq6XwpWV1L/O+Atkv4EbAlc\nKeku4Dtpn5lZWRrSp15XObvFwAclrQxsms6zICIequN8ZmajFT3NGP1Sdzm7JcCNI3nuzpMWj3E0\nY2OlVZblDqGjGYXG9ZfHp+UOYUAzFq+VO4SOfjt1pdwhdCQKvpNsLBTeAu+Wx6mbmUHxfeXdclI3\nMwO31M3MmiSc1M3MGsQXSs3MGqQhLfW6xqmbmU0sYzhOXdIpkh6WdEu/7YdL+qOkWyX9V9v2T0ua\nn/bt2rb9HWnbfElHdfNjuKVuZgZEjGlL/TTg68B3Wxsk7QTsCbwmIp6RtHbaviWwH/BKYD3gl+nu\ne4BvAG8DFgDzJJ0fEX8Y7MRO6mZmMKbdLxFxuaSN+23+MHBcRDyTjnk4bd8TmJu23y1pPrBt2jc/\nIu4CkDQ3HTsxk/qTz5R508oKMwacusYmmOmF9qGuNWXl3CF0tNKk6blDqFf9fw+bA2+SdCzwNPBP\nETEPWB+4qu24BWkbwP39tr9hqJMUm9TNzMZT9HR/81H7jLLJiRFx4hBPmwKsDmwHvB44S9Km0PFW\n3aDzNc8hP3mc1M3MAIZxQ2lK4EMl8f4WAD+KqvP+Gkl9wKy0fcO24zYAFqbHA20fUF2Vj6ZJOkDS\nLmn9/ZK+LukwSVPrOKeZ2WhEX3S9jNB5wFvhuWnIpwGPAOcD+0maLmkTYDZwDTAPmC1pE0nTqC6m\nnj/USepqqZ+aXntFSQcCM4EfATtTXQA4sKbzmpmNzBj2qUs6E9gRmCVpAXA0VUW4U9Iwx2XAganV\nfquks6gugPYAh0VEb3qdjwAXAZOBUyLi1qHOXVdSf3VEvEbSFOABYL2I6JX0PQaZtbG9n+qIVbZm\nzxU3qSk8M7N+xnA+r4h43wC79h/g+GOBYztsvwC4YDjnruvmo0np68LKwIpUNUoBpgMDdr+0Vz5y\nQjez8TQO3S/joq6W+snA7VRfGT4DnJ0qH20HzK3pnGZmIxY9ZSfrbtVV+egEST9MjxdK+i6wC/Cd\niLimjnOamY1KM6ZTr29IY0QsbHv8OHDOcJ7/+ykzxjymsbD64jLjWvmxMv8iS277LJxWZiWf9Sat\nmDuEjvomlxnXWGlIjQyPUzczA9xSNzNrErfUzcwaJHpyRzA2nNTNzHBL3cysUZzUzcyaJMocDTVc\nTupmZrilbmbWKNHnlnqtnphU5m0rKxb6FW1yx3n28+stNC6AZwoNbUNWyB1CR71F30o2en29hf5B\nDFOxSd3MbDy5+8XMrEHc/WJm1iDRkN4lJ3UzM5rTUq+rRumqko6TdLukP6fltrRttUGed6ikayVd\nO+/J+XWEZmbWUV+vul5KVlflo7OAx4AdI2LNiFgT2CltO3ugJ7VXPnr9zM1qCs3M7MWiT10vJasr\nqW8cEcdHxKLWhohYFBHHAxvVdE4zsxGLUNdLyepK6vdKOkLSOq0NktaRdCRwf03nNDMbsejrfinZ\nkBdKJU0CboqIVw3jdfcFjgIuk7R22vYQcD6wTzcvUOrNNIXeE8WUQuOaUfA7YEbU1aYZnUmF/u2v\nWnhf8mj1Fd4C79aQST0i+iTdKGmjiLivmxeNiMeAI9PyApIOAk4ddqRmZjUqvVulW90OaVwXuFXS\nNcBTrY0RsccIznkMTupmVpjSR7V0q9ukfsxwXlTSTQPtAtYZYJ+ZWTalj2rpVldJPSIuG+brrgPs\nSjWEsZ2A3w3ztczMarfc9KkDSFoCz03RNg2YCjwVEasM8JSfAjMj4oYOr3XpCOI0M6vVctWnHhEr\nt69L2gvYdpDjDxlk3/u7js7MbJw0Ze6XEY3piojzgLeOcSxmZtn0hbpeStZt98u721YnAXOg4TPm\nm9lypW95ulAKvKvtcQ9wD7DnmEczAaxQ6He0aYXGNaXQuACmFhpaqTe4Fd5AHbWxbIFLOgXYHXi4\ndeOmpC9Q5dJlwJ+AgyLi8bTv08AhQC/w0Yi4KG1/B/AVYDJwUkQcN9S5u+1TP2i4P5SZ2UQyxhdK\nTwO+Dny3bdvFwKcjokfS8cCngSMlbQnsB7wSWA/4paTN03O+AbwNWADMk3R+RPxhsBN31acuaQNJ\n/yvpYUkPSTpX0gbD+AHNzIo2ln3qEXE58Gi/bb+IiJ60ehXQyqF7AnMj4pmIuBuYTzUQZVtgfkTc\nFRHLgLl00UPS7YXSU6nmbVkPWB/4Cb4r1MwaJIaxtNd+SMuhwzzdwcDP0+P1eeFEhwvStoG2D6rb\nPvW1IqI9iZ8m6eNdPtfMrHi9fd0PBoyIE4ETR3IeSZ+hujb5/damTqegc6N7yCsu3f4Uj0jaX9Lk\ntOwP/LnL53at/dPvmifvHOuXNzMbUN8wlpGSdCDVBdS/jXhuFMECYMO2wzYAFg6yfVDdJvWDgfcC\ni4AHgfekbQMFvoqkz0s6Q9L7++375kDPa698tO3M2V2GZmY2eoG6XkYijWQ5EtgjIv7Stut8YD9J\n0yVtAswGrgHmAbMlbSJpGtXF1POHOk+3o1/uA4YzI+OpwJ3AucDBkvYG3h8RzwDbDeN1zMzGRd8Y\nDiWVdCawIzBL0gLgaKrRLtOBiyUBXBUR/xARt0o6C/gDVbfMYRHRm17nI8BFVEMaT4mIW4c696BJ\nXdLXGKQPJyI+OsCul0XE3unxeakP6deSRjJVr5lZ7frGsDhJRLyvw+aTBzn+WODYDtsvAC4YzrmH\naqlf2/b4GKpPm25MlzQpoip7ExHHpk+ry4GZ3bzAWr1dnmmcbbPKo0MflMETS1bIHUJHUyYXXPno\nmem5Q+jojmnTcofQ0abLeoY+aAIbabdKaQZN6hFxeuuxpI+3rw/hJ1Rzw/yy/bUkPQR8bSSBmpnV\nqXd5SOr9dN3jFBFHDLD9QkmfG8Y5zczGRbnfKYcnR+XdYVVRMjMbD+MxpHE8DHWhtL04xoqSnmjt\nAmKgIhkuZ2dmE83y0qe+8mD7B+FydmY2oTRk5t1h9akPh8vZmdmEMpZDGnOqJam7nJ2ZTTSFjqIe\ntrpa6mZmE0qf3FKv1SbPLssdQkezZv9l6IMyWHXx0twhDGjKjDJL+ay2qMybfJYtWjN3CB1NbngF\ny6b8dMUmdWuGUhO6WX+lD1XslpO6mRke/WJm1ijL4zQBZmaN1ZSW+rhNEyBp7S6Oea7y0U+X3jUe\nYZmZAcvJNAEjJWmN/puAayRtDSgiOs5f217379frvNdX2Mxs3DQl4dTV/fIIcG+/besD11H9221a\n03nNzEakKd0vdSX1I4BdgE9FxM0Aku6OiE1qOp+Z2aiU3q3SrbqmCfhvSXOBEyTdT1UxaVjfbmbN\nKPNmmilrlHlteYWt18odwsCizLeLrnsodwgdrbf4qdwhdPTQ0hVzh1CrXrfUBxcRC4B9JL0LuBho\n9l+EdVZoQjfrryl/qbWPfomInwA7UXXHIOmgus9pZjZcTRn9Mi5DGiNiaUTcklZd+cjMihPDWEpW\n15BGVz4yswnFo18G58pHZjahlN6t0i1XPjIzw0UyBuXKR2Y20bj7xcysQdz9UrONdijzBoypc7bI\nHUJHetU2uUMY2ML+M0aUYerC/pd8yrDKA0/nDqGjpcum5g6hVqWPaulWsUndGqLQhG7WX19D0rqT\nupkZzblQOm7zqZuZlWws7yiV9AlJt0q6RdKZklaQtImkqyXdKemHkqalY6en9flp/8aj+Tmc1M3M\nqEa/dLsMRtL6wEeBORHxKmAysB9wPHBCRMymuoenNUrwEOCxiNgMOCEdN2LjWflozS6Oea7y0Wnz\nF45HWGZmQNWn3u3ShSnADElTqCYzfBB4K3BO2n86sFd6vGdaJ+3fWdKIB1jWktQlHSdpVno8R9Jd\nwNWS7pX0loGeFxEnRsSciJjzwc3WqyM0M7OOhjP3S3sDNC2HPvc6EQ8A/w3cR5XMFwO/Bx6PiJ50\n2AKqwkGk/9+fntuTjh+yETyQui6U7hYRR6XHXwD2jYh5kjYHfgDMqem8ZmYjMpxx6u2lN/uTtDpV\n63sT4HHgbOCdnV6m9ZRB9g1bXd0vU9PXDoAZETEPICLuAKbXdE4zsxHrJbpehrALcHdE/F9EPAv8\nCHgjsFpbXtwAaPUxLwA2BEj7VwU61nHuRl0t9W8AF0g6DrhQ0pepfrCdgRfNB9PJtG03rym00Zn6\nvn/KHUJnfYUOyHol9Nx+Re4oOtJK1+cOYQDP5A6go8mTmnLPZWdj+NPdB2wnaUVgKVXeuxa4BHgP\nMBc4EPhxOv78tH5l2v/riBhxS72uuV++Julm4MPA5uk8mwPnAf9ZxzmtTKUmdLP+xurmo4i4WtI5\nwHVAD3A9VVfNz4C5kj6btp2cnnIycIak+VQt9P1Gc/46y9ldClzaf3uqfHRqXec1MxuJsbyfNCKO\npqrN3O4uYNsOxz4N7DNW584xTt2Vj8ysOE0pZ+fKR2Zm0M0F0AnBlY/MzPCEXkNx5SMzm1CakdJd\n+cjMDHBL3cysUUq/ANqtYpN672335A6ho8kL78wdQkeT1pudO4SOpmz5ZvoeLXRytkllFqWcsfqy\n3CF0dN+itXKHMKCxmHck3FI3G1qxCd2sH49+MTNrEHe/mJk1SN/Ip1spipO6mRnNGdJYVDm79onn\nT/3D/bnDMbPlyBhXPsqmrspHcyRdIul7kjaUdLGkxZLmSdp6oOe1Vz46aMsN6wjNzKyjGMZ/Jaur\n++WbVDOUrUY1LcAnIuJtknZO+7av6bxmZiPSU3iy7lZtlY8i4ucRcSYQEXEO1YNfASvUdE4zsxFz\nS31wT0t6O1VZppC0V0Scl4pOF1qix8yWZx7SOLh/AP6L6t9pV+DDkk4DHgA+1M0L9C19tqbQRqfv\nT2WWQIslj+QOobMZK+eOYEDP3PZE7hA6uu+ONXKH0NEDU4saVzHmRlFBrii1/JYi4saI2DUi3hkR\nt0fExyJitYh4JfDyOs5pZjYaHv0ycq58ZGbF6SW6XkrmykdmZnjq3aG48pGZTShN6VN35SMzMzz6\nZVCufGRmE03p48+75Qm9zMxwn7qZWaP0RjM6YIpN6tFT6KfmsmdyR9BR9JZ5sxYP3ZM7ggEtW1Lm\nzTRrrP6X3CF0tOpjK+UOoVbufjEzaxAXyTAza5BmpHQndTMzoDkXSusqkrGqpOMk3S7pz2m5LW1b\nrY5zmpmNhud+GdxZVHeT7hgRa0bEmsBOadvZAz2pvZzdafMX1hSamdmL9UZf10s3JE2WdL2kn6b1\nTSRdLelOST+UNC1tn57W56f9G4/m56grqW8cEcdHxKLWhohYFBHHAxsN9KT2cnYf3Gy9mkIzM3ux\nGopkfAy4rW39eOCEiJhN1cBt3aR5CPBYRGwGnJCOG7G6kvq9ko6Q9NzkXZLWkXQk4IrSZlaciOh6\nGYqkDYDdgJPSuoC3AuekQ04H9kqP90zrpP07p+NHpK6kvi+wJnCZpMckPQpcCqwBvLemc5qZjdhw\n+tTbu4rTcmi/l/sycATPTymzJvB4RPSk9QXA+unx+qTGbtq/OB0/InXN/fKYpFOBi4GrIuLJ1j5J\n7wAuHOo1npxfR2SjN/mKeblD6GjK9oXeDff00twRDGjlOWXeTDP1tiW5Q+joicW5I6jXcGZpjIgT\ngRM77ZO0O/BwRPxe0o6tzZ1epot9w1bX6JePAj8GPgLcImnPtt2fq+OcZmaj0Utf18sQdgD2kHQP\nMJeq2+XLwGqSWg3pDYDWaJAFwIYAaf+qwKMj/Tnq6n75EPC6iNgL2BH4V0kfS/tG3FdkZlaXvoiu\nl8FExKcjYoOI2BjYD/h1RPwtcAnwnnTYgVQNX4Dz0zpp/69jFJO713Xz0eRWl0tE3JO+gpwj6aU4\nqZtZgcZh7pcjgbmSPgtcD5yctp8MnCFpPlULfb/RnKSupL5I0latIhkR8WTqZzoFeHVN5zQzG7E6\n5n6JiEupBokQEXcB23Y45mlgn7E6Z13dLwcAi9o3RERPRBwAvLmmc5qZjVgN49SzqGv0y4JB9l1R\nxznNzEbDszSamTWIi2SYmTVI6d0q3So2qf90YZlzv2zxwzIrH73ipstyh9DRStuP+Ma42k1aZ43c\nIXQ07bEyb9h6+M5mJL2BhFvqZmbNUfqUut1yUjczY3jTBJTMSd3MjOa01Oua+2UVSZ+XdIak9/fb\n9806zmlmNhq9fX1dLyWr6+ajU6mmAzgX2E/SuZKmp33bDfSk9uksf/PknTWFZmb2Yk25+aiupP6y\niDgqIs6LiD2A64BfSxp0KER75aM3zZxdU2hmZi82lkUycqqrT326pEmRxghFxLGSFgCXAzNrOqeZ\n2Yi5T31wP6GaQ/g5EXE68ElgWU3nNDMbMbfUBxERR0jaQtLOwNVt0/BemApoDOnneryO0Ebt6hnT\nhz4ogw3vWX/ogzLY8bZnc4cwoK22uzd3CB09tbDMQWnX9ZX5nhwrpV8A7VZdo18Op5oA/nBeXPno\n2DrOaWY2GsOpUVqyupoEh1JVPnpS0sZUBTI2joiv4CIZZlag0rtVuuXKR2ZmNGfq3boulC6StFVr\nJSX43YFZuPKRmRWoKePU62qpHwD0tG+IiB7gAEnfrumcZmYj1pSWuisfmZkBfZ5618ysOXyh1Mys\nQZqS1NWUH2Qwkg6NiBNzx9FJqbE5ruEpNS4oN7ZS45ro6hr9UppDcwcwiFJjc1zDU2pcUG5spcY1\noS0vSd3MbLngpG5m1iDLS1Ivud+u1Ngc1/CUGheUG1upcU1oy8WFUjOz5cXy0lI3M1suOKmbmTWI\nk7qZWYM4qY8zSXMl7SrJUxB3QdIauWMwm0gam9QlTc4dwwBOAw4G7pD0WUmbZY4HKDp5Xi3pbEl/\nXdoHoaRzJe0mqaj3UalxQdHvy8Yo7pc+huZL+oKkLXMH0i4iLoyIfYFtgUXAJZIul/QBSTnn4ik1\neW5ONfTtA1S/089J2jxzTC3fAt4P3CnpOElb5A4oKTUuKPR92SSNHdIoaWVgP+Agqg+vU4C5EfFE\n1sAASatTvekOAB4BfgD8FTA7InbJFJOAXai+RWwL/BA4LSLuyBFPJ5J2Ar4HrATcCBwVEVfmjQok\nrQq8D/gMcD/wHeB7EZG16naJcZX8vmyKxib1dpLeDJwJrAacA/xnRMzPFMtZVNWffgCc2j73vKTr\nI2LrHHG1Kyl5SloT2J+qpf4QcDJwPrAVcHZEbJIjrpZ+8S0Evk/1Af3qiNjRcQ2spPdlkzR26t3U\nd7cbVYtgY+CLVH/YbwIuoPpan8NJwMXR4dM0Z0LvkDwPpy15ArmS55XAGcBe/YqvXCvpfzLFBICk\nHwFbUMX3roh4MO36oaRrHdeLFfy+bIzGttQl3QVcApwcEb/rt++rEfHRPJFB6uPcElihtS0ifpAr\nHgBJd1AlgVP7JU8kHRkRx2eKS50+AEsg6a0R8evccfRXalxQ9vuyKZqc1GemgtdFkfQvwNupWlIX\nAbsCv42Id2eOq8jkKWkt4AjglbzwQ/Ct2YJqI+lVvPgD+rv5IqoUHFeR78smaWz3C9Aj6TBenAwO\nzhcSAPtSdWlcFxEfkLQuUEIx7lmSSkye36e6aLs78A/AgcD/ZY0okXQ0sCNV8rwAeCfwWyBr8iw1\nrqTU92VjNHlI4xnAS6hawpcBGwBLskZUWRoRvVR/3CtTDWvcNHNMUCXP26n6zo8B7gHm5QwoWTMi\nTgaejYjL0pt/u9xBJe8BdgYWRcRBwGuB6XlDAsqNC8p9XzZGk5P6ZhHxr8BTEXE61cWZV2eOCeB6\nSatRDeW6FrgGuC5vSEC5ybM1/O7BdEPN1lSJoARLI6KP6gN6FeBhyviALjUuKPd92RhN7n5pJYPH\nU//iIqqr7VlFxN+nh9+QdBGwSkSUkNRfkDyphsGVkDw/m8ZbfxL4GrAK8Im8IT3n2vQB/R3g98CT\nVB/SuZUaFxT6vmySJl8o/TvgXOA1wKnATODfIiLLMDhJrxlsf0TcNF6xdCJpd+A3wIY8nzyPiYjz\nc8Y1UUjamOoDOuvvsb/S4irtfdlEjU3qpZH0m/RwOrA1cCsgqgtG8yJi+1yxlUjS14AB/zgzD0nd\nZrD9ub55lRqXja/Gdb9I+sfB9kfEl8Yrln7nfROApDOBQyPihrT+WuBjOWJK5y81ebZuktmBahTH\nD9P6PlRdCjl9Mf1/BWAO1V23omp9Xk1156bjalPq+7KJGpfUgZXT/18OvJ7qrkiAdwGXZ4nohV7R\nSugAEXHjUC2smhWZPNNFNCR9ENipNV9Juov0F7niAoiInVIsc6k+oG9O668C/slxdVT6+7IxGtv9\nIukXwN4RsSStr0w1V8g7Msd1FvAo1dwqQXVr/poR8d7McV0CvL0teU4FftFKFBnj+iOwfUQ8mtZX\nB66KiJfnjCvFckNEbDXUtvFWalwpjiLfl03SxJZ6y0bAsrb1ZZRxlf1A4CPAkWn9cmDQr6bjZD2q\n1tSjaX1m2pbbcVTDQC9J628B/j1fOC9wm6STeOEH9G15QwLg9kLjgnLfl43R5Jb6Z4D3Av9L9Yf9\nN8BZEfG5rIG1ScPO1ouIPxTd5ozEAAALbUlEQVQQy0FUyfIFybPVDZKTpJcAb0irV0fEopzxtEha\nAfgw8Oa06XLgWxHxdL6oyo0LJsb7cqJrbFIHkPQ6nr84dHlEXJ8zHgBJv6L6Q55MdSHrUapZGz+V\nNTDKTJ6SdgBuiIinJO0PbAN8JSLuzRxakdIsiKdHxP65YxlIie/LJml6Up8MrENbN1NE3Jcvoufn\nTJd0CNXXzn8DboyIQcexj0NcRSZPSTdR3eb+Gqq5S04B3h0Rb8kY01kR8V5JN9Nh5FABv8uLqKbc\nXTbkwRmU+L5sksb2qUs6HDiaam7wXqqhXUGVHHKakmYe3IfqpotQGdXjvgW8Ng2x/BRV8vwuVTdM\nTj3p32hP4KsRcbKkAzPH1BqCunvWKAZ2D3CFpPOBp1obSxg2WPD7sjEam9Sp3ngvj4g/5w6kn2Op\nJjL6bURcI2lT4O7MMUGZyRNgiaRPU13se3Nq5U3NGVBEPJjiODkylR8cwsK0TOL5oYSlKPV92RhN\nTur3A4tzB9FfRMwF5rat3wXsmS+i57SS5weAN5WQPJN9qeq5HhIRiyRtBHwhc0xERK+kv0haNSKK\n+juLiGNyxzCIIt+XTdLYPnVJJ1Pd6PAz4JnW9txfQSVtBnwDeElEvDbNCbNbRHw+c1wvoUqe8yLi\nNyl57pizsEL6YLmo0NZw656D7YCLeWE3R9bqPWn4Z6e+/txz4xf7vmySJrfU70vLtLSU4iTgn6kS\nO8DNVMV3syb11Ao+F5idNj1CNewsm5Jbw8nP0lKa9rtHVwD2BnoyxdJfqe/LxmhsS70l3bEWpZTQ\nkjQvIl7fGgWTtmW/20/Sh4BDgTUi4mWSZgP/ExE7Z46ruNawpI0m2mgNSZflHDFk46exLfU038UZ\nwBpp/RHggIi4NWtg8GdJm5C+Hkvai2pO6dwOA7almviJiLhT0tp5QwLKbA2fRzXkE0nnRsTemeN5\nAUlrtK1OAl5HVW0ou5K7hpqisUkdOBH4x4i4BEDSjlRFA96YMyiqKQJOBraQdC/wIPC+vCEB8ExE\nLGsNr5Q0hUFmbxwvJdzR2kH7GNRSKgq1+z3V705U3S53A4dkjeh5JXcNNUKTk/pKrYQOEBGXSlop\nZ0ApjvnAW1M1H0XE47ljSi6T9M/ADElvA/4f8JPMMSHpbjq37HIm0xjgcSle0X9KAElF1CiNiP4z\nf14h6bIswTRUk5P6XZL+laoLBqpxztnHg6fE2b4OQAFzXxxF1Zq7Gfh7qir0J2WNqDKn7fEKVDdt\nrTHAsePltZKeoGoJz0iPSesREavkCw2A35G6h9pc2WHbuOvQNTSHQrqGmqLJSf1g4BjgR1RvtsuB\ng7JGVOlte7wCVeHd3P38RFWo+DtpKUaHm1S+LOm3VNMrZBERk3OdezBpWOr6VB80W/N8N9EqwIrZ\nAnuhVtcQVN0u91BO11AjNDapR8RjQNbxwp1ExPHt65KOp7rwllWa++XfgZdS/V20Wp1Z+4z7FRBp\ntexKu0uyFLsCH6QqGN4+7nsJ1TDabCS9Hrg/IjZJ6wdS9affA2SfpbRJGjekMc13MaCI2GO8YulG\n6lu/NiJmD3lwvXHcDnyCqiX13LeJ3Ldzt82jDs+37P47Iv6YJ6LySdo7Is7NHUc7SdcBu0TEo5Le\nTHVX9eHAVlTXAN6TNcAGaWJLfXuqW5HPpBqeV8RsWZKmRESPpOt5/uvnZGBdIHd/OsDiiPh57iD6\ny115aSKKiHMl7UZV1HyFtu3/kS8qJreqV1FN/XBi+uA5V9INgzzPhqmJSf0lwNuohgm+n2qM85kF\njE+/hupCVXuLpAdYFBHPdH7KuLpE0heorkG0376dtQJ9GrWxN9U0xe1TteZMUEVTVcd1RWAnqovd\n76H6+8tpcqthA+xMdaNbSxPzUDaN+8eMiF7gQuDClBDeB1wq6T8i4msZQ1OK708ZYxhMqzhG+2iT\nAHLfFPJjqgmgfk/bh40N6o0R8RpJN0XEMZK+SPVhndOZVMNmHwGWAr+B5+ZCKnEKiAmrcUkdnmvd\n7UaV0DcGvkr+P+q1JA1YizT3hEYFd3Ns4KLEw7Y0/f8vktajqq61ScZ4iIhjU9WvdakKmre6ICdR\n9a3bGGlcUpd0OvAq4OfAMRFxS+aQWiZTFXMuoo+/ZbAPGsj/YQP8TtKrI+LmzHFMJD9N9W//i+ob\nDhRwz0FEXNVh2x05YmmyJo5+6eP5iZ/af7isN4ZIui4ist/80Z+ko9PDlwOvB1qjh95FVT/y7zLF\ndQvQR9XwmA3cRdX90vo9ulJOP23DBhel9QOobrq7naqI+KODPd+aoXFJvVTtszKWSNIvgL0jYkla\nXxk4O1fXh6THqIa7dZS7dmqJPGzQoIHdLwXLOoVtFzYC2gsVL6O6HpHL3U7cw+Zhg+akPl4mwFff\nM4BrJP0vVbfV31AVns5l7ZIvLBfKwwbNv2irpNEJPwfelDYdFBHXZwypyAvLhfOwQXOfuj1P0l8B\nsyPiVElrATMjIsvMlqVeWC6dpO14ftjgU2nb5lS/y6w3ktn4cFI34LlRMHOAl0fE5ml889kRsUOm\neIq+sGxWqkm5A7Bi/A2wB2k4aEQsJO9siKVfWDYrkpO6tSxLd/m1aqdmrRI1AS4smxXJSd1azpL0\nbWA1SR8CfklhBTPMbGjuU1/OSfo4cAVwPdWsfm+nGnFyUURcnDM2Mxs+D2m0DYCvAFsAN1HVt7yC\n5+cMMbMJxC11A0DSNKrRL2+kKjSyPfB4RGyZNTAzGxa31K1lBlWB4lXTshDwzIhmE4xb6ss5SSdS\nlT1bQlX+7yrgqlS428wmGI9+sY2A6cAi4AFgAfB41ojMbMTcUjckiaq1/sa0vIqqWs6VEXH0YM81\ns7I4qdtzJG0A7ECV2HcH1oyI1fJGZWbD4aS+nJP0UaokvgPwLNVwxivT/2+OiL6M4ZnZMHn0i20M\nnAN8IiIezByLmY2SW+pmZg3i0S9mZg3ipG5m1iBO6jZmJJ2QJghrrV8k6aS29S8OVnd0iNd+sotj\neiXdIOlWSTdK+kdJ/hu35Yr/4G0s/Y5qJA0pmc6iGv/e8kaqUTV1WRoRW0XEK4G3AX8NeJy9LVec\n1G0sXUFK6lTJ/BZgiaTVJU0HXkE1xS+SPiVpnqSbJB3TegFJ+0u6JrW4vy1pcvsJJM2SdKWk3QYL\nJCIeBg4FPqLKxpJ+I+m6tLQ+fM6QtGfb639f0h6j/6cwy8NJ3cZMKoHXI2kjquR+JdV8MttTzQB5\nU0Qsk/R2YDawLbAV8DpJb5b0CmBfYIeI2AroBf629fqS1gF+BvxbRPysi3juovobXxt4GHhbKma9\nL/DVdNhJwEHp9VdNcV8wqn8Is4w8Tt3GWqu1/kbgS8D66fFiqu4ZqApxvJ3UagdmUiX51wCvA+ZV\nMxcwgyoZA0wFfgUcFhGXDSMetT3/65JaHxabA0TEZZK+IWlt4N3AuRHRM5wf2KwkTuo21lr96q+m\n6n65H/gk8ARwSjpGwOcj4tvtT5R0OHB6RHy6w+v2UBXu2BXoKqlL2pQqgT9M1bf+EPBaqtb7022H\nnkH1jWA/4OBuXtusVO5+sbF2BdW8MY9GRG8qIL0aVRfMlemYi4CDJc0EkLR+ain/CnhPeoykNSS9\nND0nqBLuFpKOGioISWsB/wN8PRXUXhV4ME178AGgva/+NODjABFx64h/crMCuKVuY+1mqlEvP+i3\nbWZEPAIQEb9I/edXpm6WJ4H9I+IPkv4F+EUaPfMscBhwb3per6T9gJ9IeiIivtnv3DMk3UDV1dJD\n1QL/Utr3TeBcSfsAlwBPtZ4UEQ9Jug04b8z+Fcwy8TQBttyTtCLVB882EbE4dzxmo+HuF1uuSdoF\nuB34mhO6NYFb6mZmDeKWuplZgzipm5k1iJO6mVmDOKmbmTWIk7qZWYP8f77L4mLzKTKnAAAAAElF\nTkSuQmCC\n",
      "text/plain": [
       "<Figure size 432x288 with 2 Axes>"
      ]
     },
     "metadata": {},
     "output_type": "display_data"
    }
   ],
   "source": [
    "import seaborn as sns\n",
    "#Plot a heatmap of the data\n",
    "sns.heatmap(weekly_data)\n",
    "plt.show()"
   ]
  },
  {
   "cell_type": "code",
   "execution_count": 17,
   "metadata": {},
   "outputs": [
    {
     "data": {
